23039
14296
23415
3467
25387
5796
14176
23334
30611
32254
16092
2643
7787
23704
22757
3311
19883
11740
15181
2396
31423
6099
8458
1920
9088
8262
15057
28432
25444
15651
3558
15118
26865
17441
13618
1680
24440
32167
14486
22212
8447
24299
28287
17969
17535
12119
7098
30015
23632
7472
17802
25594
30945
1401
27128
6419
17324
29461
4715
14887
18025
6445
29816
31044
12930
19665
5371
31658
15560
16866
8551
7630
24932
3887
29530
14501
9232
15838
29301
19486
8327
26638
18538
13041
32569
10938
6998
17303
8772
28384
16978
665
7840
19939
10308
18958
21913
5423
20732
2655
17027
11547
13436
2126
20649
26387
25750
15415
19846
30454
12477
13973
19256
7101
15381
11719
1841
15198
14796
6421
10544
30191
17325
31982
28271
29711
32498
19571
5406
29826
858
1082
7185
23835
14460
25163
10934
21215
7515
24431
13641
7527
11834
19883
12619
22918
23730
16391
28208
16172
19969
8083
26200
32394
21413
4524
7232
30839
21034
4988
22522
22035
2624
28352
22746
17322
30736
27598
20339
21211
15568
25814
13249
18425
18069
7784
19368
22193
10857
2358
30109
4589
25758
20764
2980
4857
29538
23901
29306
7140
32659
9776
10515
14634
2004
891
27719
9871
16864
22750
17096
31566
9758
17139
1367
24947
22902
10708
14135
23686
26980
23774
17122
25449
3658
7093
28412
20867
26635
12424
8069
29471
26837
32663
14162
12558
25150
12274
11710
8084
26771
20867
11421
29826
108
9294
19057
10399
19076
25848
13537
18508
8648
17030
24422
14184
24494
24936
2632
27762
15048
4022
13769
26349
29593
3769
21919
25865
17319
5549
22696
7295
17105
29125
22746
31421
14051
26480
1913
12355
360
14555
10636
2893
8128
30135
14481
26034
29042
30780
31600
10764
14531
13166
11182
13337
2439
13983
31459
4193
6711
2613
3182
24345
11076
18861
14183
24136
30891
7904
9429
24360
27082
645
7713
10959
29553
26104
8139
6670
24637
10810
1116
25754
29473
2104
23452
27497
6214
20048
16900
607
6165
5905
19574
32042
146
23874
23596
875
14571
4390
28399
28694
29520
4863
16265
16411
28934
14033
19068
21574
19639
13672
2804
2659
16141
11932
1019
29095
4479
8404
27116
7755
13162
31177
42
24698
9571
9357
32529
25197
11980
14539
5677
29141
4517
12112
24234
30841
12453
16330
21004
26656
23433
19408
6433
7601
13741
31523
18227
32665
27353
27956
21889
23405
9821
9190
29425
18128
96
2964
31743
1944
21877
17494
12025
18220
15471
4224
28782
5424
3703
3180
13284
32101
13659
4986
23753
13514
13353
30292
11180
8712
7677
26231
2989
17676
28439
15087
21554
16886
31792
29281
21212
4914
27662
5711
12730
9956
28503
25496
3516
27530
10915
23614
20842
4061
1748
9836
10197
31223
23466
23736
7118
14779
10386
13221
14167
31346
20415
6252
14167
14258
1916
11516
10130
14724
30145
17727
31447
7109
10756
18847
29563
25805
26961
8905
28679
28495
157
4784
28718
11136
4440
7893
26114
31612
3137
28615
10087
12005
20094
18917
5063
25037
5356
875
16903
17110
14772
7085
19130
1175
28703
22429
661
32322
29355
1939
14627
16260
22366
23118
20410
7085
32346
24886
15534
28689
20146
10723
20164
10670
13692
4323
17642
19983
6951
12728
3621
2928
17167
6177
17866
5154
18767
5787
16369
18737
13014
26150
14887
30789
17342
29516
1123
12486
4057
31840
13884
29763
31116
25860
17496
17941
4832
25325
2600
24127
5334
26603
7122
921
24827
27939
29807
20782
16701
927
21623
27362
23037
19978
25721
25944
613
18356
28688
25874
30460
31965
19730
14554
6775
6191
17162
29537
14547
27020
1769
18471
160
18954
7928
12186
9888
316
17169
5762
26512
4020
3343
7324
23622
709
3459
9861
21500
13710
6313
18138
10476
9011
24474
17054
17181
11886
10690
13532
15740
583
17045
5517
24878
28703
28542
10171
27429
28403
536
4839
20465
8159
23201
11177
29145
31713
28332
12182
32043
3808
10261
30822
24272
25581
12346
27223
2339
1736
31592
8652
31492
16038
10388
9274
15655
26161
2380
6212
18866
1233
26093
18725
4616
3370
21013
31055
5855
25830
9563
18513
18073
6580
27710
12286
5585
26512
25948
23756
1588
29766
24293
25978
3986
25649
2126
9718
7988
11337
3146
16765
8561
17757
1782
4100
18812
9372
11347
31447
2944
7514
13050
3200
31983
4113
22283
14314
3863
2726
2407
6854
22518
15854
7967
16174
23887
27761
5420
8328
5629
13934
15456
30638
5512
26399
24988
4684
5622
10045
17988
14729
21475
14535
31984
27625
28884
8192
32356
28273
20425
23991
2755
30989
8209
7882
11007
560
2658
1261
26260
28090
13353
27816
374
8990
3359
21663
22087
20164
6941
18966
8398
21164
14385
32436
19621
10837
30449
27527
7217
17885
8463
9545
15319
8297
1070
17890
5485
5575
244
3885
30703
15186
4193
11007
26484
16406
13151
11366
10592
6197
154
13870
24794
30602
17553
27306
20353
24459
26606
2225
3674
17524
4114
23014
21261
3490
11765
22076
5458
30012
28461
8378
10406
2841
17740
16764
7746
24286
30575
16635
845
5479
29204
2190
20305
28009
18732
11312
5868
30549
8306
387
22216
1151
28154
10261
27340
4479
19213
26338
1428
12247
18228
795
15391
13015
29075
29734
31176
9150
3192
6374
28792
16674
7988
21052
22809
3474
23082
9934
6222
12665
293
21511
7009
13381
20463
28767
381
20681
3359
732
25885
26848
16178
13272
22980
23636
14301
31494
29167
18174
27042
28336
24903
27182
15266
6210
3868
17741
20402
29196
11535
8640
28336
29252
9742
5648
3864
18250
31110
17480
10706
10544
22227
22431
20814
25722
3324
1367
16083
546
8861
5349
18964
12512
10788
13138
32517
21416
9792
5601
17900
22899
4759
12274
20923
16962
25784
38
18589
30048
6480
14532
23247
19688
8608
18268
15281
31368
17710
32682
12573
10628
19387
28092
11511
510
886
4951
9477
29044
30575
5272
7425
23690
27214
6103
5869
7690
26949
23760
23975
30505
2883
20229
23997
21772
12395
5982
130
3978
21956
28947
15714
1332
20786
17867
21874
14482
2469
21766
27979
21168
32656
27320
31001
11993
14749
26934
12015
21411
27039
10838
29534
32044
24007
31698
29765
7330
4636
15086
26090
28937
30245
21339
5706
7480
